[background.jpg]
filters=sepia=1;sat=1,0.847953;PicnikGrain=1,50.000000,0;PicnikTint=1,76.608185,0080cfff;Soften=1,84.795319,53.216373;HDR=1,43.641518,6.719298,95.906433;Vignette=1,50.000000,1.777778,22.807016,00000000;
moddate=00003db562cf0000
width=4928
height=3264
textactive=0
